1 0 0 0 0 0 0 0 0 0 0 0 0 0 0 0 0 0 0 0 by rank 0
0 1 0 0 0 0 0 0 0 0 0 0 0 0 0 0 0 0 0 0 by rank 0
0 0 1 0 0 0 0 0 0 0 0 0 0 0 0 0 0 0 0 0 by rank 0
0 0 0 1 0 0 0 0 0 0 0 0 0 0 0 0 0 0 0 0 by rank 0
0 0 0 0 1 0 0 0 0 0 0 0 0 0 0 0 0 0 0 0 by rank 0
0 0 0 0 0 1 0 0 0 0 0 0 0 0 0 0 0 0 0 0 by rank 0
0 0 0 0 0 0 1 0 0 0 0 0 0 0 0 0 0 0 0 0 by rank 0
0 0 0 0 0 0 0 1 0 0 0 0 0 0 0 0 0 0 0 0 by rank 1
0 0 0 0 0 0 0 0 1 0 0 0 0 0 0 0 0 0 0 0 by rank 1
0 0 0 0 0 0 0 0 0 1 0 0 0 0 0 0 0 0 0 0 by rank 1
0 0 0 0 0 0 0 0 0 0 1 0 0 0 0 0 0 0 0 0 by rank 1
0 0 0 0 0 0 0 0 0 0 0 1 0 0 0 0 0 0 0 0 by rank 1
0 0 0 0 0 0 0 0 0 0 0 0 1 0 0 0 0 0 0 0 by rank 1
0 0 0 0 0 0 0 0 0 0 0 0 0 1 0 0 0 0 0 0 by rank 1
0 0 0 0 0 0 0 0 0 0 0 0 0 0 1 0 0 0 0 0 by rank 2
0 0 0 0 0 0 0 0 0 0 0 0 0 0 0 1 0 0 0 0 by rank 2
0 0 0 0 0 0 0 0 0 0 0 0 0 0 0 0 1 0 0 0 by rank 2
0 0 0 0 0 0 0 0 0 0 0 0 0 0 0 0 0 1 0 0 by rank 2
0 0 0 0 0 0 0 0 0 0 0 0 0 0 0 0 0 0 1 0 by rank 2
0 0 0 0 0 0 0 0 0 0 0 0 0 0 0 0 0 0 0 1 by rank 2
